contig	primer1	primer2	start	end	size	refrag_size
100	CC43	CC42	1939485	1939760	275	22721
100	NN81	KK28	3953389	3955097	1708	25532
100	NN81	JJ34	3953389	3953793	404	25532
100	JJ33	KK28	3953567	3955097	1530	25532
100	JJ33	JJ34	3953567	3953793	226	25532
100	J53	J52	3741218	3742903	1685	6809
100	J53	Q51	3741218	3742642	1424	6809
100	J53	FF6	3741218	3742121	903	6809
100	J53	I65	3741218	3742737	1519	6809
100	Q52	J52	3742323	3742903	580	6809
100	Q52	Q51	3742323	3742642	319	6809
100	Q52	I65	3742323	3742737	414	6809
100	FF7	J52	3741931	3742903	972	6809
100	FF7	Q51	3741931	3742642	711	6809
100	FF7	I65	3741931	3742737	806	6809
100	I66	J52	3742416	3742903	487	6809
100	I66	Q51	3742416	3742642	226	6809
100	I66	I65	3742416	3742737	321	6809
100	Y42	Y41	2659698	2660141	443	7416
100	FF4	FF5	1559506	1559723	217	37629
100	FF4	J2	1559506	1560928	1422	37629
100	J6	J2	1560145	1560928	783	37629
100	OO44	OO43	1032899	1033369	470	11881
100	GG4	GG5	1415045	1415265	220	13371
100	FF20	FF41	2968932	2969599	667	23634
100	DD24	DD23	2268892	2274110	5218	34472
100	KK77	KK78	1673643	1677361	3718	19286
100	II1	II2	2484761	2485792	1031	11829
100	II1	II3	2484761	2486266	1505	11829
100	II1	II4	2484761	2486819	2058	11829
100	II1	II5	2484761	2487275	2514	11829
100	II1	HH81	2484761	2488232	3471	11829
100	II1	PP39	2484761	2486199	1438	11829
100	J33	J32	2324156	2326207	2051	17404
100	GG27	GG28	2309348	2309738	390	8370
100	GG27	II29	2309348	2310989	1641	8370
100	GG27	GG26	2309348	2310967	1619	8370
100	OO25	OO26	1639307	1639818	511	13763
100	OO25	PP27	1639307	1641604	2297	13763
100	FF40	FF41	2969340	2969599	259	23634
100	I64	J32	2325692	2326207	515	17404
100	F63	J32	2325335	2326207	872	17404
100	PP26	OO26	1637006	1639818	2812	13763
100	PP26	PP27	1637006	1641604	4598	13763
100	PP26	QQ72	1637006	1639285	2279	13763
100	PP26	SS52	1637006	1639027	2021	13763
100	PP53	PP52	4075193	4079051	3858	12135
100	PP53	QQ40	4075193	4077198	2005	12135
100	PP59	Y24	1457667	1458107	440	25074
100	PP59	PP60	1457667	1458180	513	25074
100	QQ41	PP52	4077199	4079051	1852	12135
100	QQ56	PP52	4078449	4079051	602	12135
100	QQ93	QQ94	984243	988743	4500	28214
100	QQ93	QQ98	984243	986594	2351	28214
100	QQ99	RR4	203833	206737	2904	37192
100	RR3	RR4	206359	206737	378	37192
100	SS33	SS34	3995393	3995839	446	14950
100	SS35	SS36	2678583	2679001	418	17805
100	TT2	TT1	2213208	2217402	4194	56276
100	TT2	TT11	2213208	2215650	2442	56276
100	TT12	TT1	2215336	2217402	2066	56276
100	TT12	TT11	2215336	2215650	314	56276
102	Q71	Q68	1034003	1034652	649	39975
102	Q71	Y56	1034003	1035159	1156	39975
102	Q71	Q70	1034003	1035122	1119	39975
102	Q71	N25	1034003	1037894	3891	39975
102	Q71	L61	1034003	1035627	1624	39975
102	Q66	Y56	1034457	1035159	702	39975
102	Q66	Q70	1034457	1035122	665	39975
102	Q66	N25	1034457	1037894	3437	39975
102	Q66	L61	1034457	1035627	1170	39975
102	Q69	Y56	1034602	1035159	557	39975
102	Q69	Q70	1034602	1035122	520	39975
102	Q69	N25	1034602	1037894	3292	39975
102	Q69	L61	1034602	1035627	1025	39975
102	Q67	Y56	1034666	1035159	493	39975
102	Q67	Q70	1034666	1035122	456	39975
102	Q67	N25	1034666	1037894	3228	39975
102	Q67	L61	1034666	1035627	961	39975
102	U50	U52	1376277	1379069	2792	28788
102	U50	U43	1376277	1377471	1194	28788
102	U50	Y26	1376277	1379612	3335	28788
102	U50	Q60	1376277	1376632	355	28788
102	U51	U52	1378214	1379069	855	28788
102	U51	Y26	1378214	1379612	1398	28788
102	L79	J68	344925	345324	399	16705
102	OO39	OO40	1475798	1476235	437	22006
102	OO36	OO40	1474218	1476235	2017	22006
102	OO36	OO35	1474218	1474681	463	22006
102	Y40	Y39	2748262	2748872	610	20952
102	Y40	O65	2748262	2751296	3034	20952
102	S22	O65	2749058	2751296	2238	20952
102	N64	Y39	2747016	2748872	1856	20952
102	N64	O65	2747016	2751296	4280	20952
102	N64	N26	2747016	2747637	621	20952
102	NN24	DD21	2314551	2320430	5879	45194
102	NN24	PP55	2314551	2318388	3837	45194
102	OO29	OO30	3424842	3425338	496	50996
102	OO46	OO45	3326517	3327014	497	54029
102	N24	Q68	1033758	1034652	894	39975
102	N24	JJ13	1033758	1034005	247	39975
102	N24	Y56	1033758	1035159	1401	39975
102	N24	Q70	1033758	1035122	1364	39975
102	N24	N25	1033758	1037894	4136	39975
102	N24	L61	1033758	1035627	1869	39975
102	N24	GG22	1033758	1034068	310	39975
102	II18	J40	2436398	2441994	5596	33307
102	II18	HH71	2436398	2437623	1225	33307
102	NN68	OO33	941386	944239	2853	17624
102	NN68	PP30	941386	943093	1707	17624
102	OO34	OO33	943699	944239	540	17624
102	AA43	Y39	2747291	2748872	1581	20952
102	AA43	O65	2747291	2751296	4005	20952
102	AA43	N26	2747291	2747637	346	20952
102	AA7	O65	2749041	2751296	2255	20952
102	II30	HH45	1501251	1501758	507	16469
102	U48	U52	1377507	1379069	1562	28788
102	U48	Y26	1377507	1379612	2105	28788
102	U44	U52	1375750	1379069	3319	28788
102	U44	U43	1375750	1377471	1721	28788
102	U44	Y26	1375750	1379612	3862	28788
102	U44	Q60	1375750	1376632	882	28788
102	U53	U52	1378842	1379069	227	28788
102	U53	Y26	1378842	1379612	770	28788
102	U42	U52	1376319	1379069	2750	28788
102	U42	U43	1376319	1377471	1152	28788
102	U42	Y26	1376319	1379612	3293	28788
102	U42	Q60	1376319	1376632	313	28788
102	L60	N25	1035277	1037894	2617	39975
102	L60	L61	1035277	1035627	350	39975
102	HH3	HH2	1337013	1338633	1620	28818
102	HH3	HH4	1337013	1337344	331	28818
102	N47	N48	629103	629723	620	32751
102	J37	J38	3583137	3583568	431	7567
102	J39	J40	2441513	2441994	481	33307
102	J39	SS68	2441513	2442908	1395	33307
102	DD22	PP55	2313516	2318388	4872	45194
102	FF47	NN23	2314902	2320814	5912	45194
102	FF47	DD21	2314902	2320430	5528	45194
102	FF47	PP55	2314902	2318388	3486	45194
102	DD64	PP57	2801437	2805837	4400	7189
102	HH70	II17	2432753	2434793	2040	33307
102	HH70	HH71	2432753	2437623	4870	33307
102	HH70	JJ9	2432753	2435781	3028	33307
102	OO3	NN64	1108383	1113708	5325	26925
102	OO3	OO60	1108383	1114044	5661	26925
102	OO3	PP7	1108383	1113416	5033	26925
102	OO3	TT39	1108383	1112605	4222	26925
102	NN63	NN64	1112591	1113708	1117	26925
102	NN63	MM25	1112591	1115007	2416	26925
102	NN63	OO60	1112591	1114044	1453	26925
102	NN63	PP7	1112591	1113416	825	26925
102	MM24	NN64	1111088	1113708	2620	26925
102	MM24	MM25	1111088	1115007	3919	26925
102	MM24	OO60	1111088	1114044	2956	26925
102	MM24	PP7	1111088	1113416	2328	26925
102	MM24	TT39	1111088	1112605	1517	26925
102	Q35	L13	2275998	2276576	578	9861
102	Q37	L13	2276004	2276576	572	9861
102	N78	L13	2274905	2276576	1671	9861
102	N78	Q36	2274905	2275624	719	9861
102	N78	L6	2274905	2276160	1255	9861
102	L4	L13	2274939	2276576	1637	9861
102	L4	Q36	2274939	2275624	685	9861
102	L4	L6	2274939	2276160	1221	9861
102	L5	L13	2275606	2276576	970	9861
102	L5	L6	2275606	2276160	554	9861
102	Q39	L13	2273790	2276576	2786	9861
102	Q39	Q36	2273790	2275624	1834	9861
102	Q39	L6	2273790	2276160	2370	9861
102	Q39	L7	2273790	2274688	898	9861
102	J71	L42	474976	475521	545	12083
102	L28	L42	474976	475521	545	12083
102	L49	L42	475076	475521	445	12083
102	L37	L42	474971	475521	550	12083
102	I68	I67	2260810	2261245	435	4649
102	F76	F75	2262088	2263164	1076	6016
102	EE32	U52	1375615	1379069	3454	28788
102	EE32	U43	1375615	1377471	1856	28788
102	EE32	Y26	1375615	1379612	3997	28788
102	EE32	Q60	1375615	1376632	1017	28788
102	U37	U52	1376272	1379069	2797	28788
102	U37	U43	1376272	1377471	1199	28788
102	U37	Y26	1376272	1379612	3340	28788
102	U37	Q60	1376272	1376632	360	28788
102	OO59	NN64	1112101	1113708	1607	26925
102	OO59	MM25	1112101	1115007	2906	26925
102	OO59	OO60	1112101	1114044	1943	26925
102	OO59	PP7	1112101	1113416	1315	26925
102	OO59	TT39	1112101	1112605	504	26925
102	OO71	CC7	3344105	3346036	1931	31843
102	PP6	NN64	1113064	1113708	644	26925
102	PP6	MM25	1113064	1115007	1943	26925
102	PP6	OO60	1113064	1114044	980	26925
102	PP6	PP7	1113064	1113416	352	26925
102	PP12	CC7	3344045	3346036	1991	31843
102	PP31	OO33	941478	944239	2761	17624
102	PP31	PP30	941478	943093	1615	17624
102	PP33	PP57	2801021	2805837	4816	7189
102	PP56	NN23	2318043	2320814	2771	45194
102	PP56	DD21	2318043	2320430	2387	45194
102	PP56	MM69	2318043	2321346	3303	45194
102	PP56	PP55	2318043	2318388	345	45194
102	QQ66	QQ65	786401	790873	4472	6864
102	QQ66	RR29	786401	789065	2664	6864
102	QQ70	NN47	450708	452653	1945	4691
102	QQ70	N59	450708	451388	680	4691
102	QQ70	RR33	450708	451327	619	4691
102	QQ74	OO33	943897	944239	342	17624
102	RR30	QQ65	788644	790873	2229	6864
102	RR30	RR29	788644	789065	421	6864
102	RR32	RR31	653377	653832	455	1674
102	RR32	RR41	653377	653667	290	1674
102	RR34	NN47	450875	452653	1778	4691
102	RR34	N59	450875	451388	513	4691
102	RR34	RR33	450875	451327	452	4691
102	RR44	QQ65	788587	790873	2286	6864
102	RR44	RR29	788587	789065	478	6864
102	TT38	NN64	1112606	1113708	1102	26925
102	TT38	MM25	1112606	1115007	2401	26925
102	TT38	OO60	1112606	1114044	1438	26925
102	TT38	PP7	1112606	1113416	810	26925
102	UU15	UU16	716337	720399	4062	52059
103	LL21	DD11	263962	264949	987	25150
103	LL21	CC57	263962	264590	628	25150
103	LL21	GG69	263962	264655	693	25150
103	LL21	GG67	263962	264845	883	25150
103	LL21	CC51	263962	264774	812	25150
103	LL21	JJ20	263962	266262	2300	25150
103	LL21	II15	263962	268116	4154	25150
103	LL22	DD11	264135	264949	814	25150
103	LL22	CC57	264135	264590	455	25150
103	LL22	GG69	264135	264655	520	25150
103	LL22	GG67	264135	264845	710	25150
103	LL22	CC51	264135	264774	639	25150
103	LL22	JJ20	264135	266262	2127	25150
103	LL22	II15	264135	268116	3981	25150
103	DD12	DD11	264296	264949	653	25150
103	DD12	CC57	264296	264590	294	25150
103	DD12	GG69	264296	264655	359	25150
103	DD12	GG67	264296	264845	549	25150
103	DD12	CC51	264296	264774	478	25150
103	DD12	JJ20	264296	266262	1966	25150
103	DD12	II15	264296	268116	3820	25150
103	CC58	DD11	263166	264949	1783	25150
103	CC58	CC57	263166	264590	1424	25150
103	CC58	GG69	263166	264655	1489	25150
103	CC58	GG67	263166	264845	1679	25150
103	CC58	CC51	263166	264774	1608	25150
103	CC58	JJ20	263166	266262	3096	25150
103	CC58	II15	263166	268116	4950	25150
103	CC58	II14	263166	263831	665	25150
103	GG70	DD11	264656	264949	293	25150
103	GG70	JJ20	264656	266262	1606	25150
103	GG70	II15	264656	268116	3460	25150
103	CC52	DD11	264526	264949	423	25150
103	CC52	GG67	264526	264845	319	25150
103	CC52	CC51	264526	264774	248	25150
103	CC52	JJ20	264526	266262	1736	25150
103	CC52	II15	264526	268116	3590	25150
103	KK27	JJ32	2698467	2701592	3125	31169
103	KK27	JJ36	2698467	2700436	1969	31169
103	JJ79	JJ32	2698730	2701592	2862	31169
103	JJ79	JJ36	2698730	2700436	1706	31169
103	kk79	JJ32	2698600	2701592	2992	31169
103	kk79	JJ36	2698600	2700436	1836	31169
103	CC69	HH53	874879	878194	3315	26716
103	JJ35	JJ32	2700235	2701592	1357	31169
103	JJ35	JJ36	2700235	2700436	201	31169
103	OO37	OO38	1936479	1936970	491	45228
103	N46	N45	3140790	3141322	532	8912
103	LL66	N45	3139241	3141322	2081	8912
103	LL66	LL65	3139241	3139700	459	8912
103	JJ17	DD11	263890	264949	1059	25150
103	JJ17	CC57	263890	264590	700	25150
103	JJ17	GG69	263890	264655	765	25150
103	JJ17	GG67	263890	264845	955	25150
103	JJ17	CC51	263890	264774	884	25150
103	JJ17	JJ20	263890	266262	2372	25150
103	JJ17	II15	263890	268116	4226	25150
103	JJ19	DD11	261955	264949	2994	25150
103	JJ19	CC57	261955	264590	2635	25150
103	JJ19	GG69	261955	264655	2700	25150
103	JJ19	GG67	261955	264845	2890	25150
103	JJ19	CC51	261955	264774	2819	25150
103	JJ19	JJ20	261955	266262	4307	25150
103	JJ19	II14	261955	263831	1876	25150
103	Q45	Q43	880759	881678	919	6180
103	Q45	OO65	880759	882264	1505	6180
103	II16	JJ18	267559	272048	4489	25150
103	II16	II15	267559	268116	557	25150
103	II13	DD11	263511	264949	1438	25150
103	II13	CC57	263511	264590	1079	25150
103	II13	GG69	263511	264655	1144	25150
103	II13	GG67	263511	264845	1334	25150
103	II13	CC51	263511	264774	1263	25150
103	II13	JJ20	263511	266262	2751	25150
103	II13	II15	263511	268116	4605	25150
103	II13	II14	263511	263831	320	25150
103	JJ59	JJ60	2442670	2442994	324	47519
103	JJ59	QQ19	2442670	2445881	3211	47519
103	JJ59	QQ34	2442670	2446898	4228	47519
103	KK69	LL25	1379018	1382995	3977	29515
103	KK69	LL64	1379018	1381977	2959	29515
103	LL24	LL25	1379006	1382995	3989	29515
103	LL24	LL64	1379006	1381977	2971	29515
103	NN22	NN21	1688709	1689162	453	13715
103	NN22	CC13	1688709	1690915	2206	13715
103	NN22	EE34	1688709	1690736	2027	13715
103	EE35	NN21	1686249	1689162	2913	13715
103	EE35	CC13	1686249	1690915	4666	13715
103	EE35	EE34	1686249	1690736	4487	13715
103	CC14	NN21	1686173	1689162	2989	13715
103	CC14	CC13	1686173	1690915	4742	13715
103	CC14	EE34	1686173	1690736	4563	13715
103	OO66	HH53	876002	878194	2192	26716
103	OO73	LL25	1380202	1382995	2793	29515
103	OO73	LL64	1380202	1381977	1775	29515
103	QQ18	JJ60	2439975	2442994	3019	47519
103	QQ18	QQ19	2439975	2445881	5906	47519
103	QQ18	TT7	2439975	2440610	635	47519
103	QQ36	JJ60	2439926	2442994	3068	47519
103	QQ36	QQ19	2439926	2445881	5955	47519
103	QQ36	TT7	2439926	2440610	684	47519
103	RR28	RR23	3023547	3025279	1732	19287
103	RR28	RR27	3023547	3023908	361	19287
103	RR39	RR40	476297	480120	3823	61174
103	RR50	RR48	3258712	3263936	5224	12306
103	RR72	RR71	1289017	1294337	5320	31132
103	TT8	JJ60	2440224	2442994	2770	47519
103	TT8	QQ19	2440224	2445881	5657	47519
103	TT8	TT7	2440224	2440610	386	47519
103	UU4	UU3	1837451	1837719	268	8020
103	UU5	UU6	1634581	1635203	622	8414
103	UU19	UU20	49778	53913	4135	34890
93	AA73	AA41	737667	742124	4457	15936
93	AA73	AA42	737667	742470	4803	15936
93	AA73	AA70	737667	738058	391	15936
93	AA73	Z33	737667	741582	3915	15936
93	AA73	HH14	737667	743235	5568	15936
93	AA73	Z26	737667	739515	1848	15936
93	AA36	AA35	736490	737219	729	15936
93	AA36	AA41	736490	742124	5634	15936
93	AA36	AA42	736490	742470	5980	15936
93	AA36	AA70	736490	738058	1568	15936
93	AA36	Z33	736490	741582	5092	15936
93	AA36	Z26	736490	739515	3025	15936
93	L63	L64	25733	26062	329	31538
93	Z35	AA35	736102	737219	1117	15936
93	Z35	AA70	736102	738058	1956	15936
93	Z35	Z33	736102	741582	5480	15936
93	Z35	Z26	736102	739515	3413	15936
93	Z27	AA72	738935	744243	5308	15936
93	Z27	AA41	738935	742124	3189	15936
93	Z27	AA42	738935	742470	3535	15936
93	Z27	Z34	738935	744756	5821	15936
93	Z27	Z33	738935	741582	2647	15936
93	Z27	HH14	738935	743235	4300	15936
93	Z27	Z26	738935	739515	580	15936
93	Z32	AA41	737999	742124	4125	15936
93	Z32	AA42	737999	742470	4471	15936
93	Z32	Z33	737999	741582	3583	15936
93	Z32	HH14	737999	743235	5236	15936
93	Z32	Z26	737999	739515	1516	15936
93	OO8	AA72	738951	744243	5292	15936
93	OO8	AA41	738951	742124	3173	15936
93	OO8	AA42	738951	742470	3519	15936
93	OO8	Z34	738951	744756	5805	15936
93	OO8	Z33	738951	741582	2631	15936
93	OO8	HH14	738951	743235	4284	15936
93	OO8	Z26	738951	739515	564	15936
93	JJ68	JJ67	648596	648906	310	22525
93	JJ68	JJ62	648596	653336	4740	22525
93	JJ68	TT9	648596	651462	2866	22525
93	NN39	AA72	740535	744243	3708	15936
93	NN39	AA41	740535	742124	1589	15936
93	NN39	AA42	740535	742470	1935	15936
93	NN39	Z34	740535	744756	4221	15936
93	NN39	Z33	740535	741582	1047	15936
93	NN39	HH14	740535	743235	2700	15936
93	NN46	AA72	738744	744243	5499	15936
93	NN46	AA41	738744	742124	3380	15936
93	NN46	AA42	738744	742470	3726	15936
93	NN46	Z33	738744	741582	2838	15936
93	NN46	HH14	738744	743235	4491	15936
93	NN46	Z26	738744	739515	771	15936
93	HH13	AA72	742586	744243	1657	15936
93	HH13	Z34	742586	744756	2170	15936
93	HH13	HH14	742586	743235	649	15936
93	F74	F39	892704	893320	616	31832
93	F74	J15	892704	893320	616	31832
93	JJ64	JJ63	663904	664357	453	53794
93	JJ61	JJ62	652863	653336	473	22525
93	JJ61	JJ70	652863	655372	2509	22525
93	JJ69	JJ70	655018	655372	354	22525
93	RR63	RR64	1436335	1441318	4983	44896
93	RR67	RR68	405924	410474	4550	63268
93	TT10	JJ62	651101	653336	2235	22525
93	TT10	JJ70	651101	655372	4271	22525
93	TT10	TT9	651101	651462	361	22525
93	UU7	UU8	1120575	1121000	425	4907
93	UU24	UU23	532549	534084	1535	13473
95	CC40	CC41	807307	807828	521	11207
95	OO42	OO41	470949	471364	415	41167
95	GG36	GG37	1683011	1683415	404	21820
95	OO47	OO48	745816	746314	498	49479
95	HH16	HH15	1463972	1464306	334	6004
95	GG3	GG2	1071936	1072148	212	5451
95	PP34	PP3	954970	955579	609	26560
95	SS43	SS44	994774	999378	4604	24596
95	SS43	SS56	994774	997236	2462	24596
95	SS97	SS98	1292980	1293329	349	17158
95	SS97	SS100	1292980	1294214	1234	17158
96	MM70	II96	4522655	4524130	1475	33865
96	MM70	DD13	4522655	4528514	5859	33865
96	MM70	LL48	4522655	4526917	4262	33865
96	MM70	CC55	4522655	4524890	2235	33865
96	MM70	CC53	4522655	4525560	2905	33865
96	MM70	SS3	4522655	4526418	3763	33865
96	DD4	CC76	882906	885605	2699	19573
96	DD4	DD3	882906	883307	401	19573
96	DD4	LL80	882906	886729	3823	19573
96	DD4	PP42	882906	885016	2110	19573
96	DD4	PP44	882906	884932	2026	19573
96	DD4	PP46	882906	884881	1975	19573
96	DD4	PP48	882906	884799	1893	19573
96	DD4	PP50	882906	884710	1804	19573
96	LL36	CC76	882564	885605	3041	19573
96	LL36	DD3	882564	883307	743	19573
96	LL36	LL80	882564	886729	4165	19573
96	LL36	PP42	882564	885016	2452	19573
96	LL36	PP44	882564	884932	2368	19573
96	LL36	PP46	882564	884881	2317	19573
96	LL36	PP48	882564	884799	2235	19573
96	LL36	PP50	882564	884710	2146	19573
96	LL81	LL80	886308	886729	421	19573
96	LL13	LL14	4537584	4542653	5069	33865
96	LL13	LL56	4537584	4538706	1122	33865
96	LL13	II99	4537584	4539574	1990	33865
96	LL13	II88	4537584	4541189	3605	33865
96	LL13	QQ52	4537584	4539395	1811	33865
96	LL57	LL14	4541586	4542653	1067	33865
96	GG34	GG35	632460	632958	498	21683
96	II98	LL56	4535872	4538706	2834	33865
96	II98	II99	4535872	4539574	3702	33865
96	II98	II88	4535872	4541189	5317	33865
96	II98	II95	4535872	4537487	1615	33865
96	II98	QQ52	4535872	4539395	3523	33865
96	MM78	LL14	4536865	4542653	5788	33865
96	MM78	LL56	4536865	4538706	1841	33865
96	MM78	II99	4536865	4539574	2709	33865
96	MM78	II88	4536865	4541189	4324	33865
96	MM78	II95	4536865	4537487	622	33865
96	MM78	QQ52	4536865	4539395	2530	33865
96	MM79	EE73	4531077	4534012	2935	33865
96	MM79	II51	4531077	4534523	3446	33865
96	MM79	DD19	4531077	4533742	2665	33865
96	MM79	DD15	4531077	4531788	711	33865
96	MM79	KK38	4531077	4532450	1373	33865
96	MM79	KK40	4531077	4533667	2590	33865
96	MM79	HH37	4531077	4534967	3890	33865
96	MM79	NN14	4531077	4533872	2795	33865
96	MM79	II59	4531077	4534550	3473	33865
96	MM79	DD17	4531077	4535115	4038	33865
96	MM79	PP19	4531077	4535759	4682	33865
96	MM74	II96	4522622	4524130	1508	33865
96	MM74	DD13	4522622	4528514	5892	33865
96	MM74	LL48	4522622	4526917	4295	33865
96	MM74	CC55	4522622	4524890	2268	33865
96	MM74	CC53	4522622	4525560	2938	33865
96	MM74	SS3	4522622	4526418	3796	33865
96	AA4	O72	6107233	6110721	3488	26703
96	AA4	O74	6107233	6109992	2759	26703
96	AA4	O73	6107233	6109113	1880	26703
96	AA4	MM13	6107233	6112376	5143	26703
96	AA4	MM16	6107233	6110054	2821	26703
96	AA4	Y53	6107233	6112112	4879	26703
96	KK1	LL2	2510955	2515065	4110	37759
96	KK1	K30	2510955	2512749	1794	37759
96	MM1	LL2	2512042	2515065	3023	37759
96	MM1	K30	2512042	2512749	707	37759
96	K29	LL2	2512441	2515065	2624	37759
96	K29	K30	2512441	2512749	308	37759
96	EE78	EE73	4531646	4534012	2366	33865
96	EE78	II51	4531646	4534523	2877	33865
96	EE78	DD19	4531646	4533742	2096	33865
96	EE78	KK38	4531646	4532450	804	33865
96	EE78	KK40	4531646	4533667	2021	33865
96	EE78	HH37	4531646	4534967	3321	33865
96	EE78	NN14	4531646	4533872	2226	33865
96	EE78	II59	4531646	4534550	2904	33865
96	EE78	DD17	4531646	4535115	3469	33865
96	EE78	II95	4531646	4537487	5841	33865
96	EE78	PP19	4531646	4535759	4113	33865
96	II50	LL56	4534064	4538706	4642	33865
96	II50	II99	4534064	4539574	5510	33865
96	II50	II51	4534064	4534523	459	33865
96	II50	HH37	4534064	4534967	903	33865
96	II50	II59	4534064	4534550	486	33865
96	II50	DD17	4534064	4535115	1051	33865
96	II50	II95	4534064	4537487	3423	33865
96	II50	PP19	4534064	4535759	1695	33865
96	II50	QQ52	4534064	4539395	5331	33865
96	DD20	EE73	4531951	4534012	2061	33865
96	DD20	II51	4531951	4534523	2572	33865
96	DD20	DD19	4531951	4533742	1791	33865
96	DD20	KK38	4531951	4532450	499	33865
96	DD20	KK40	4531951	4533667	1716	33865
96	DD20	HH37	4531951	4534967	3016	33865
96	DD20	NN14	4531951	4533872	1921	33865
96	DD20	II59	4531951	4534550	2599	33865
96	DD20	DD17	4531951	4535115	3164	33865
96	DD20	II95	4531951	4537487	5536	33865
96	DD20	PP19	4531951	4535759	3808	33865
96	LL82	LL83	879701	880121	420	4247
96	MM75	MM77	4525404	4529350	3946	33865
96	MM75	MM76	4525404	4529293	3889	33865
96	MM75	HH39	4525404	4529605	4201	33865
96	MM75	DD13	4525404	4528514	3110	33865
96	MM75	LL48	4525404	4526917	1513	33865
96	MM75	KK71	4525404	4529432	4028	33865
96	MM75	MM33	4525404	4530171	4767	33865
96	MM75	KK74	4525404	4530656	5252	33865
96	MM75	MM65	4525404	4531102	5698	33865
96	MM75	II91	4525404	4530177	4773	33865
96	MM75	SS3	4525404	4526418	1014	33865
96	HH40	MM77	4525572	4529350	3778	33865
96	HH40	MM76	4525572	4529293	3721	33865
96	HH40	HH39	4525572	4529605	4033	33865
96	HH40	DD13	4525572	4528514	2942	33865
96	HH40	LL48	4525572	4526917	1345	33865
96	HH40	KK71	4525572	4529432	3860	33865
96	HH40	MM33	4525572	4530171	4599	33865
96	HH40	KK74	4525572	4530656	5084	33865
96	HH40	MM65	4525572	4531102	5530	33865
96	HH40	II91	4525572	4530177	4605	33865
96	HH40	SS3	4525572	4526418	846	33865
96	DD14	MM77	4526588	4529350	2762	33865
96	DD14	MM76	4526588	4529293	2705	33865
96	DD14	HH39	4526588	4529605	3017	33865
96	DD14	DD13	4526588	4528514	1926	33865
96	DD14	LL48	4526588	4526917	329	33865
96	DD14	DD15	4526588	4531788	5200	33865
96	DD14	KK71	4526588	4529432	2844	33865
96	DD14	KK38	4526588	4532450	5862	33865
96	DD14	MM33	4526588	4530171	3583	33865
96	DD14	KK74	4526588	4530656	4068	33865
96	DD14	MM65	4526588	4531102	4514	33865
96	DD14	II91	4526588	4530177	3589	33865
96	NN72	II96	4522789	4524130	1341	33865
96	NN72	DD13	4522789	4528514	5725	33865
96	NN72	LL48	4522789	4526917	4128	33865
96	NN72	CC55	4522789	4524890	2101	33865
96	NN72	CC53	4522789	4525560	2771	33865
96	NN72	SS3	4522789	4526418	3629	33865
96	AA49	II96	4522612	4524130	1518	33865
96	AA49	DD13	4522612	4528514	5902	33865
96	AA49	LL48	4522612	4526917	4305	33865
96	AA49	CC55	4522612	4524890	2278	33865
96	AA49	CC53	4522612	4525560	2948	33865
96	AA49	SS3	4522612	4526418	3806	33865
96	CC56	II96	4522490	4524130	1640	33865
96	CC56	LL48	4522490	4526917	4427	33865
96	CC56	CC55	4522490	4524890	2400	33865
96	CC56	CC53	4522490	4525560	3070	33865
96	CC56	SS3	4522490	4526418	3928	33865
96	CC54	MM77	4525190	4529350	4160	33865
96	CC54	MM76	4525190	4529293	4103	33865
96	CC54	HH39	4525190	4529605	4415	33865
96	CC54	DD13	4525190	4528514	3324	33865
96	CC54	LL48	4525190	4526917	1727	33865
96	CC54	CC53	4525190	4525560	370	33865
96	CC54	KK71	4525190	4529432	4242	33865
96	CC54	MM33	4525190	4530171	4981	33865
96	CC54	KK74	4525190	4530656	5466	33865
96	CC54	MM65	4525190	4531102	5912	33865
96	CC54	II91	4525190	4530177	4987	33865
96	CC54	SS3	4525190	4526418	1228	33865
96	LL77	MM77	4527393	4529350	1957	33865
96	LL77	MM76	4527393	4529293	1900	33865
96	LL77	HH39	4527393	4529605	2212	33865
96	LL77	DD13	4527393	4528514	1121	33865
96	LL77	DD15	4527393	4531788	4395	33865
96	LL77	KK71	4527393	4529432	2039	33865
96	LL77	KK38	4527393	4532450	5057	33865
96	LL77	MM33	4527393	4530171	2778	33865
96	LL77	KK74	4527393	4530656	3263	33865
96	LL77	MM65	4527393	4531102	3709	33865
96	LL77	II91	4527393	4530177	2784	33865
96	KK37	MM77	4527432	4529350	1918	33865
96	KK37	MM76	4527432	4529293	1861	33865
96	KK37	HH39	4527432	4529605	2173	33865
96	KK37	DD13	4527432	4528514	1082	33865
96	KK37	DD15	4527432	4531788	4356	33865
96	KK37	KK71	4527432	4529432	2000	33865
96	KK37	KK38	4527432	4532450	5018	33865
96	KK37	MM33	4527432	4530171	2739	33865
96	KK37	KK74	4527432	4530656	3224	33865
96	KK37	MM65	4527432	4531102	3670	33865
96	KK37	II91	4527432	4530177	2745	33865
96	MM32	EE73	4529701	4534012	4311	33865
96	MM32	II51	4529701	4534523	4822	33865
96	MM32	DD19	4529701	4533742	4041	33865
96	MM32	DD15	4529701	4531788	2087	33865
96	MM32	KK38	4529701	4532450	2749	33865
96	MM32	MM33	4529701	4530171	470	33865
96	MM32	KK74	4529701	4530656	955	33865
96	MM32	KK40	4529701	4533667	3966	33865
96	MM32	MM65	4529701	4531102	1401	33865
96	MM32	HH37	4529701	4534967	5266	33865
96	MM32	NN14	4529701	4533872	4171	33865
96	MM32	II59	4529701	4534550	4849	33865
96	MM32	DD17	4529701	4535115	5414	33865
96	MM32	II91	4529701	4530177	476	33865
96	KK39	MM77	4528113	4529350	1237	33865
96	KK39	EE73	4528113	4534012	5899	33865
96	KK39	DD19	4528113	4533742	5629	33865
96	KK39	MM76	4528113	4529293	1180	33865
96	KK39	HH39	4528113	4529605	1492	33865
96	KK39	DD13	4528113	4528514	401	33865
96	KK39	DD15	4528113	4531788	3675	33865
96	KK39	KK71	4528113	4529432	1319	33865
96	KK39	KK38	4528113	4532450	4337	33865
96	KK39	MM33	4528113	4530171	2058	33865
96	KK39	KK74	4528113	4530656	2543	33865
96	KK39	KK40	4528113	4533667	5554	33865
96	KK39	MM65	4528113	4531102	2989	33865
96	KK39	NN14	4528113	4533872	5759	33865
96	KK39	II91	4528113	4530177	2064	33865
96	KK73	EE73	4531639	4534012	2373	33865
96	KK73	II51	4531639	4534523	2884	33865
96	KK73	DD19	4531639	4533742	2103	33865
96	KK73	KK38	4531639	4532450	811	33865
96	KK73	KK40	4531639	4533667	2028	33865
96	KK73	HH37	4531639	4534967	3328	33865
96	KK73	NN14	4531639	4533872	2233	33865
96	KK73	II59	4531639	4534550	2911	33865
96	KK73	DD17	4531639	4535115	3476	33865
96	KK73	II95	4531639	4537487	5848	33865
96	KK73	PP19	4531639	4535759	4120	33865
96	MM64	EE73	4530846	4534012	3166	33865
96	MM64	II51	4530846	4534523	3677	33865
96	MM64	DD19	4530846	4533742	2896	33865
96	MM64	DD15	4530846	4531788	942	33865
96	MM64	KK38	4530846	4532450	1604	33865
96	MM64	KK40	4530846	4533667	2821	33865
96	MM64	MM65	4530846	4531102	256	33865
96	MM64	HH37	4530846	4534967	4121	33865
96	MM64	NN14	4530846	4533872	3026	33865
96	MM64	II59	4530846	4534550	3704	33865
96	MM64	DD17	4530846	4535115	4269	33865
96	MM64	PP19	4530846	4535759	4913	33865
96	Q77	Q55	6111662	6114151	2489	26703
96	Q77	Q63	6111662	6113487	1825	26703
96	Q77	MM13	6111662	6112376	714	26703
96	Q77	Y53	6111662	6112112	450	26703
96	Q77	EE30	6111662	6114111	2449	26703
96	O63	Q55	6112544	6114151	1607	26703
96	O63	Q63	6112544	6113487	943	26703
96	O63	EE30	6112544	6114111	1567	26703
96	Q56	O72	6110420	6110721	301	26703
96	Q56	Q55	6110420	6114151	3731	26703
96	Q56	Q63	6110420	6113487	3067	26703
96	Q56	MM13	6110420	6112376	1956	26703
96	Q56	Y53	6110420	6112112	1692	26703
96	Q56	EE30	6110420	6114111	3691	26703
96	Q64	Q55	6110959	6114151	3192	26703
96	Q64	Q63	6110959	6113487	2528	26703
96	Q64	MM13	6110959	6112376	1417	26703
96	Q64	Y53	6110959	6112112	1153	26703
96	Q64	EE30	6110959	6114111	3152	26703
96	MM60	RR6	4379694	4382112	2418	52040
96	NN13	LL56	4533879	4538706	4827	33865
96	NN13	II99	4533879	4539574	5695	33865
96	NN13	II51	4533879	4534523	644	33865
96	NN13	HH37	4533879	4534967	1088	33865
96	NN13	II59	4533879	4534550	671	33865
96	NN13	DD17	4533879	4535115	1236	33865
96	NN13	II95	4533879	4537487	3608	33865
96	NN13	PP19	4533879	4535759	1880	33865
96	NN13	QQ52	4533879	4539395	5516	33865
96	NN12	LL56	4533918	4538706	4788	33865
96	NN12	II99	4533918	4539574	5656	33865
96	NN12	II51	4533918	4534523	605	33865
96	NN12	HH37	4533918	4534967	1049	33865
96	NN12	II59	4533918	4534550	632	33865
96	NN12	DD17	4533918	4535115	1197	33865
96	NN12	II95	4533918	4537487	3569	33865
96	NN12	PP19	4533918	4535759	1841	33865
96	NN12	QQ52	4533918	4539395	5477	33865
96	NN11	LL56	4533827	4538706	4879	33865
96	NN11	II99	4533827	4539574	5747	33865
96	NN11	II51	4533827	4534523	696	33865
96	NN11	HH37	4533827	4534967	1140	33865
96	NN11	II59	4533827	4534550	723	33865
96	NN11	DD17	4533827	4535115	1288	33865
96	NN11	II95	4533827	4537487	3660	33865
96	NN11	PP19	4533827	4535759	1932	33865
96	NN11	QQ52	4533827	4539395	5568	33865
96	NN10	LL56	4533721	4538706	4985	33865
96	NN10	II99	4533721	4539574	5853	33865
96	NN10	EE73	4533721	4534012	291	33865
96	NN10	II51	4533721	4534523	802	33865
96	NN10	HH37	4533721	4534967	1246	33865
96	NN10	II59	4533721	4534550	829	33865
96	NN10	DD17	4533721	4535115	1394	33865
96	NN10	II95	4533721	4537487	3766	33865
96	NN10	PP19	4533721	4535759	2038	33865
96	NN10	QQ52	4533721	4539395	5674	33865
96	NN9	LL56	4533620	4538706	5086	33865
96	NN9	II99	4533620	4539574	5954	33865
96	NN9	EE73	4533620	4534012	392	33865
96	NN9	II51	4533620	4534523	903	33865
96	NN9	HH37	4533620	4534967	1347	33865
96	NN9	NN14	4533620	4533872	252	33865
96	NN9	II59	4533620	4534550	930	33865
96	NN9	DD17	4533620	4535115	1495	33865
96	NN9	II95	4533620	4537487	3867	33865
96	NN9	PP19	4533620	4535759	2139	33865
96	NN9	QQ52	4533620	4539395	5775	33865
96	II58	LL56	4534061	4538706	4645	33865
96	II58	II99	4534061	4539574	5513	33865
96	II58	II51	4534061	4534523	462	33865
96	II58	HH37	4534061	4534967	906	33865
96	II58	II59	4534061	4534550	489	33865
96	II58	DD17	4534061	4535115	1054	33865
96	II58	II95	4534061	4537487	3426	33865
96	II58	PP19	4534061	4535759	1698	33865
96	II58	QQ52	4534061	4539395	5334	33865
96	HH38	EE73	4532569	4534012	1443	33865
96	HH38	II51	4532569	4534523	1954	33865
96	HH38	DD19	4532569	4533742	1173	33865
96	HH38	KK40	4532569	4533667	1098	33865
96	HH38	HH37	4532569	4534967	2398	33865
96	HH38	NN14	4532569	4533872	1303	33865
96	HH38	II59	4532569	4534550	1981	33865
96	HH38	DD17	4532569	4535115	2546	33865
96	HH38	II95	4532569	4537487	4918	33865
96	HH38	PP19	4532569	4535759	3190	33865
96	DD18	LL56	4533888	4538706	4818	33865
96	DD18	II99	4533888	4539574	5686	33865
96	DD18	II51	4533888	4534523	635	33865
96	DD18	HH37	4533888	4534967	1079	33865
96	DD18	II59	4533888	4534550	662	33865
96	DD18	DD17	4533888	4535115	1227	33865
96	DD18	II95	4533888	4537487	3599	33865
96	DD18	PP19	4533888	4535759	1871	33865
96	DD18	QQ52	4533888	4539395	5507	33865
96	MM17	O72	6106116	6110721	4605	26703
96	MM17	O74	6106116	6109992	3876	26703
96	MM17	O73	6106116	6109113	2997	26703
96	MM17	MM16	6106116	6110054	3938	26703
96	MM17	Y53	6106116	6112112	5996	26703
96	MM12	Q55	6111989	6114151	2162	26703
96	MM12	Q63	6111989	6113487	1498	26703
96	MM12	MM13	6111989	6112376	387	26703
96	MM12	EE30	6111989	6114111	2122	26703
96	MM14	Q55	6112642	6114151	1509	26703
96	MM14	Q63	6112642	6113487	845	26703
96	MM14	EE30	6112642	6114111	1469	26703
96	MM15	Q55	6112642	6114151	1509	26703
96	MM15	Q63	6112642	6113487	845	26703
96	MM15	EE30	6112642	6114111	1469	26703
96	Y54	Q55	6111730	6114151	2421	26703
96	Y54	Q63	6111730	6113487	1757	26703
96	Y54	MM13	6111730	6112376	646	26703
96	Y54	Y53	6111730	6112112	382	26703
96	Y54	EE30	6111730	6114111	2381	26703
96	EE31	O72	6109572	6110721	1149	26703
96	EE31	O74	6109572	6109992	420	26703
96	EE31	Q55	6109572	6114151	4579	26703
96	EE31	Q63	6109572	6113487	3915	26703
96	EE31	MM13	6109572	6112376	2804	26703
96	EE31	MM16	6109572	6110054	482	26703
96	EE31	Y53	6109572	6112112	2540	26703
96	EE31	EE30	6109572	6114111	4539	26703
96	II89	LL14	4540093	4542653	2560	33865
96	II89	II88	4540093	4541189	1096	33865
96	II90	EE73	4529651	4534012	4361	33865
96	II90	II51	4529651	4534523	4872	33865
96	II90	DD19	4529651	4533742	4091	33865
96	II90	DD15	4529651	4531788	2137	33865
96	II90	KK38	4529651	4532450	2799	33865
96	II90	MM33	4529651	4530171	520	33865
96	II90	KK74	4529651	4530656	1005	33865
96	II90	KK40	4529651	4533667	4016	33865
96	II90	MM65	4529651	4531102	1451	33865
96	II90	HH37	4529651	4534967	5316	33865
96	II90	NN14	4529651	4533872	4221	33865
96	II90	II59	4529651	4534550	4899	33865
96	II90	DD17	4529651	4535115	5464	33865
96	II90	II91	4529651	4530177	526	33865
96	II93	EE73	4531104	4534012	2908	33865
96	II93	II51	4531104	4534523	3419	33865
96	II93	DD19	4531104	4533742	2638	33865
96	II93	DD15	4531104	4531788	684	33865
96	II93	KK38	4531104	4532450	1346	33865
96	II93	KK40	4531104	4533667	2563	33865
96	II93	HH37	4531104	4534967	3863	33865
96	II93	NN14	4531104	4533872	2768	33865
96	II93	II59	4531104	4534550	3446	33865
96	II93	DD17	4531104	4535115	4011	33865
96	II93	PP19	4531104	4535759	4655	33865
96	II94	LL56	4536568	4538706	2138	33865
96	II94	II99	4536568	4539574	3006	33865
96	II94	II88	4536568	4541189	4621	33865
96	II94	II95	4536568	4537487	919	33865
96	II94	QQ52	4536568	4539395	2827	33865
96	AA15	NN35	5924457	5926761	2304	4380
96	AA15	DD5	5924457	5927096	2639	4380
96	AA15	AA22	5924457	5926761	2304	4380
96	AA15	AA14	5924457	5924972	515	4380
96	N12	L62	4783700	4784041	341	12548
96	N11	L62	4783322	4784041	719	12548
96	N11	J19	4783322	4783707	385	12548
96	L70	L69	1595522	1596081	559	17155
96	L71	L62	4783055	4784041	986	12548
96	L71	J19	4783055	4783707	652	12548
96	L71	J17	4783055	4783334	279	12548
96	L71	J29	4783055	4783321	266	12548
96	GG31	GG32	337188	337500	312	10565
96	FF9	FF8	567170	567466	296	26620
96	JJ66	JJ65	4761530	4761882	352	854
96	Q16	L69	1591743	1596081	4338	17155
96	L57	AA6	4106296	4108819	2523	20097
96	L57	L50	4106296	4107655	1359	20097
96	L57	L59	4106296	4108560	2264	20097
96	L58	AA6	4108253	4108819	566	20097
96	L58	L59	4108253	4108560	307	20097
96	N31	AA6	4106930	4108819	1889	20097
96	N31	L50	4106930	4107655	725	20097
96	N31	L59	4106930	4108560	1630	20097
96	GG29	GG32	335856	337500	1644	10565
96	PP18	LL56	4532915	4538706	5791	33865
96	PP18	EE73	4532915	4534012	1097	33865
96	PP18	II51	4532915	4534523	1608	33865
96	PP18	DD19	4532915	4533742	827	33865
96	PP18	KK40	4532915	4533667	752	33865
96	PP18	HH37	4532915	4534967	2052	33865
96	PP18	NN14	4532915	4533872	957	33865
96	PP18	II59	4532915	4534550	1635	33865
96	PP18	DD17	4532915	4535115	2200	33865
96	PP18	II95	4532915	4537487	4572	33865
96	PP18	PP19	4532915	4535759	2844	33865
96	PP43	CC76	885160	885605	445	19573
96	PP43	LL80	885160	886729	1569	19573
96	PP45	CC76	885017	885605	588	19573
96	PP45	LL80	885017	886729	1712	19573
96	PP47	CC76	884933	885605	672	19573
96	PP47	LL80	884933	886729	1796	19573
96	PP49	CC76	884882	885605	723	19573
96	PP49	LL80	884882	886729	1847	19573
96	PP51	CC76	884800	885605	805	19573
96	PP51	LL80	884800	886729	1929	19573
96	PP51	PP42	884800	885016	216	19573
96	RR9	RR10	2243777	2248533	4756	9553
96	RR76	RR75	5258555	5263316	4761	39236
96	SS4	MM77	4526427	4529350	2923	33865
96	SS4	MM76	4526427	4529293	2866	33865
96	SS4	HH39	4526427	4529605	3178	33865
96	SS4	DD13	4526427	4528514	2087	33865
96	SS4	LL48	4526427	4526917	490	33865
96	SS4	DD15	4526427	4531788	5361	33865
96	SS4	KK71	4526427	4529432	3005	33865
96	SS4	MM33	4526427	4530171	3744	33865
96	SS4	KK74	4526427	4530656	4229	33865
96	SS4	MM65	4526427	4531102	4675	33865
96	SS4	II91	4526427	4530177	3750	33865
96	SS32	SS31	865499	865892	393	14973
96	SS48	SS57	3004179	3007013	2834	50848
96	SS58	SS47	3006593	3010707	4114	50848
96	SS58	SS57	3006593	3007013	420	50848
97	DD8	DD6	2683719	2687146	3427	59380
97	DD8	DD7	2683719	2684120	401	59380
97	DD8	AA34	2683719	2686797	3078	59380
97	DD8	AA16	2683719	2685087	1368	59380
97	DD8	AA10	2683719	2685206	1487	59380
97	GG38	GG39	2448485	2448975	490	27473
97	FF14	FF12	2275227	2276217	990	14058
97	FF13	FF15	2274258	2275180	922	14058
97	FF13	FF12	2274258	2276217	1959	14058
97	OO31	OO32	2085233	2085646	413	45410
97	OO28	OO27	1361990	1362464	474	25149
97	AA17	DD6	2684495	2687146	2651	59380
97	AA17	AA34	2684495	2686797	2302	59380
97	AA17	AA16	2684495	2685087	592	59380
97	AA17	AA10	2684495	2685206	711	59380
97	AA9	DD7	2680920	2684120	3200	59380
97	AA9	AA34	2680920	2686797	5877	59380
97	AA9	AA16	2680920	2685087	4167	59380
97	AA9	AA10	2680920	2685206	4286	59380
97	AA11	DD6	2684266	2687146	2880	59380
97	AA11	AA34	2684266	2686797	2531	59380
97	AA11	AA16	2684266	2685087	821	59380
97	AA11	AA10	2684266	2685206	940	59380
97	AA80	FF15	2273419	2275180	1761	14058
97	AA80	FF12	2273419	2276217	2798	14058
97	L40	PP36	1267595	1268017	422	62414
97	KK76	GG39	2444362	2448975	4613	27473
97	KK76	JJ38	2444362	2446427	2065	27473
97	JJ37	KK75	2440229	2442250	2021	27473
97	JJ37	JJ40	2440229	2444203	3974	27473
97	JJ39	GG39	2443889	2448975	5086	27473
97	JJ39	JJ38	2443889	2446427	2538	27473
97	JJ39	JJ40	2443889	2444203	314	27473
97	NN16	NN15	1267362	1267737	375	62414
97	NN16	PP36	1267362	1268017	655	62414
97	NN16	PP37	1267362	1267741	379	62414
97	j27	NN15	1267458	1267737	279	62414
97	j27	PP36	1267458	1268017	559	62414
97	j27	PP37	1267458	1267741	283	62414
97	NN18	NN17	1932401	1932792	391	7840
97	NN18	PP35	1932401	1933307	906	7840
97	DD56	NN19	640856	642069	1213	25323
97	DD56	BB66	640856	643347	2491	25323
97	NN20	NN19	641462	642069	607	25323
97	NN20	BB66	641462	643347	1885	25323
97	OO52	OO51	399622	399967	345	28364
97	PP38	NN15	1266002	1267737	1735	62414
97	PP38	j 26	1266002	1267332	1330	62414
97	PP38	PP36	1266002	1268017	2015	62414
97	PP38	PP37	1266002	1267741	1739	62414
97	RR18	RR17	422581	425564	2983	23610
97	RR18	RR21	422581	423840	1259	23610
97	RR22	RR17	423338	425564	2226	23610
97	RR22	RR21	423338	423840	502	23610
97	UU9	UU10	1482365	1482861	496	12157
97	UU11	UU12	708180	711968	3788	19292
99	DD1	DD2	993390	993598	208	21237
99	L35	Q49	1079053	1082365	3312	9722
99	L35	Q28	1079053	1079271	218	9722
99	L35	F43	1079053	1080112	1059	9722
99	L35	L36	1079053	1080015	962	9722
99	L34	Q49	1078773	1082365	3592	9722
99	L34	Q13	1078773	1079075	302	9722
99	L34	Q28	1078773	1079271	498	9722
99	L34	Q29	1078773	1078977	204	9722
99	L34	P48	1078773	1079209	436	9722
99	L34	P47	1078773	1079209	436	9722
99	L34	F43	1078773	1080112	1339	9722
99	L34	L36	1078773	1080015	1242	9722
99	I57	Q49	1078485	1082365	3880	9722
99	I57	I59	1078485	1078792	307	9722
99	I57	Q13	1078485	1079075	590	9722
99	I57	Q28	1078485	1079271	786	9722
99	I57	Q29	1078485	1078977	492	9722
99	I57	P48	1078485	1079209	724	9722
99	I57	P47	1078485	1079209	724	9722
99	I57	F1	1078485	1078796	311	9722
99	I57	F5	1078485	1078796	311	9722
99	I57	F43	1078485	1080112	1627	9722
99	I57	L36	1078485	1080015	1530	9722
99	I58	Q49	1078639	1082365	3726	9722
99	I58	Q13	1078639	1079075	436	9722
99	I58	Q28	1078639	1079271	632	9722
99	I58	Q29	1078639	1078977	338	9722
99	I58	P48	1078639	1079209	570	9722
99	I58	P47	1078639	1079209	570	9722
99	I58	F43	1078639	1080112	1473	9722
99	I58	L36	1078639	1080015	1376	9722
99	P49	Q49	1078652	1082365	3713	9722
99	P49	Q13	1078652	1079075	423	9722
99	P49	Q28	1078652	1079271	619	9722
99	P49	Q29	1078652	1078977	325	9722
99	P49	P48	1078652	1079209	557	9722
99	P49	P47	1078652	1079209	557	9722
99	P49	F43	1078652	1080112	1460	9722
99	P49	L36	1078652	1080015	1363	9722
99	Q11	Q49	1078360	1082365	4005	9722
99	Q11	I59	1078360	1078792	432	9722
99	Q11	Q13	1078360	1079075	715	9722
99	Q11	Q28	1078360	1079271	911	9722
99	Q11	Q29	1078360	1078977	617	9722
99	Q11	Q30	1078360	1078681	321	9722
99	Q11	P48	1078360	1079209	849	9722
99	Q11	P47	1078360	1079209	849	9722
99	Q11	F1	1078360	1078796	436	9722
99	Q11	F5	1078360	1078796	436	9722
99	Q11	F43	1078360	1080112	1752	9722
99	Q11	L36	1078360	1080015	1655	9722
99	Q12	Q49	1079122	1082365	3243	9722
99	Q12	F43	1079122	1080112	990	9722
99	Q12	L36	1079122	1080015	893	9722
99	Q26	Q49	1079234	1082365	3131	9722
99	Q26	F43	1079234	1080112	878	9722
99	Q26	L36	1079234	1080015	781	9722
99	Q27	Q49	1078919	1082365	3446	9722
99	Q27	Q28	1078919	1079271	352	9722
99	Q27	P48	1078919	1079209	290	9722
99	Q27	P47	1078919	1079209	290	9722
99	Q27	F43	1078919	1080112	1193	9722
99	Q27	L36	1078919	1080015	1096	9722
99	OO50	OO49	1432815	1433311	496	51623
99	EE15	EE16	463196	463424	228	17341
99	EE15	AA83	463196	466300	3104	17341
99	II37	JJ50	2018300	2020480	2180	5530
99	II37	HH63	2018300	2019706	1406	5530
99	N71	N70	1732305	1732603	298	16650
99	N71	Q44	1732305	1733762	1457	16650
99	N71	TT48	1732305	1733060	755	16650
99	N73	N80	1728738	1731479	2741	8578
99	N73	N72	1728738	1729832	1094	8578
99	Q38	Q44	1732963	1733762	799	16650
99	F42	Q49	1079564	1082365	2801	9722
99	F42	F43	1079564	1080112	548	9722
99	F42	L36	1079564	1080015	451	9722
99	F44	Q49	1078955	1082365	3410	9722
99	F44	Q28	1078955	1079271	316	9722
99	F44	P48	1078955	1079209	254	9722
99	F44	P47	1078955	1079209	254	9722
99	F44	F43	1078955	1080112	1157	9722
99	F44	L36	1078955	1080015	1060	9722
99	AA82	EE16	461417	463424	2007	17341
99	AA82	AA83	461417	466300	4883	17341
99	OO56	OO55	794476	795011	535	9966
99	PP23	OO55	793437	795011	1574	9966
99	RR46	OO55	794670	795011	341	9966
99	TT49	N80	1728142	1731479	3337	8578
99	TT49	N72	1728142	1729832	1690	8578
