Q71	102	1034003	1
Q66	102	1034457	1
Q69	102	1034602	1
Q67	102	1034666	1
MM70	96	4522655	1
U50	102	1376277	1
Q68	102	1034652	-1
LL21	103	263962	1
LL22	103	264135	1
DD11	103	264949	-1
DD12	103	264296	1
CC57	103	264590	-1
CC58	103	263166	1
GG69	103	264655	-1
GG67	103	264845	-1
GG70	103	264656	1
CC51	103	264774	-1
CC52	103	264526	1
U51	102	1378214	1
L79	102	344925	1
JJ13	102	1034005	-1
DD2	99	993598	-1
DD1	99	993390	1
CC76	96	885605	-1
CC77	96	881509	1
DD4	96	882906	1
DD3	96	883307	-1
LL79	96	881162	1
LL36	96	882564	1
U52	102	1379069	-1
AA35	93	737219	-1
AA72	93	744243	-1
AA73	93	737667	1
AA36	93	736490	1
AA41	93	742124	-1
AA42	93	742470	-1
AA70	93	738058	-1
CC41	95	807828	-1
CC40	95	807307	1
CC43	100	1939485	1
CC42	100	1939760	-1
BB74	96	579936	1
Q49	99	1082365	-1
L44	99	1078428	-1
L35	99	1079053	1
L34	99	1078773	1
I57	99	1078485	1
I58	99	1078639	1
P49	99	1078652	1
I59	99	1078792	-1
Q11	99	1078360	1
Q12	99	1079122	1
Q26	99	1079234	1
Q27	99	1078919	1
Q13	99	1079075	-1
Q28	99	1079271	-1
Q29	99	1078977	-1
Q30	99	1078681	-1
Y56	102	1035159	-1
K9	103	994824	1
P43	96	2332856	-1
NN35	96	5926761	-1
NN37	96	5923010	-1
DD5	96	5927096	-1
AA22	96	5926761	-1
AA25	96	5915707	1
DD6	97	2687146	-1
DD7	97	2684120	-1
DD8	97	2683719	1
AA31	97	2676217	1
AA34	97	2686797	-1
KK28	100	3955097	-1
NN81	100	3953389	1
JJ33	100	3953567	1
JJ34	100	3953793	-1
LL78	103	2707829	-1
LL100	103	2702011	1
LL99	103	2707663	-1
KK27	103	2698467	1
JJ79	103	2698730	1
kk79	103	2698600	1
MM34	103	2709268	-1
JJ31	103	2701392	1
JJ32	103	2701592	-1
HH53	103	878194	-1
HH54	103	878199	1
CC69	103	874879	1
U34	100	1603938	-1
N74	103	879728	-1
DD58	97	1031865	1
J54	100	3743232	1
J52	100	3742903	-1
J53	100	3741218	1
Q51	100	3742642	-1
Q52	100	3742323	1
FF6	100	3742121	-1
FF7	100	3741931	1
I65	100	3742737	-1
I66	100	3742416	1
Y58	97	1031832	1
F59	97	1031832	1
L63	93	25733	1
L64	93	26062	-1
JJ35	103	2700235	1
JJ36	103	2700436	-1
OO40	102	1476235	-1
OO39	102	1475798	1
OO36	102	1474218	1
OO35	102	1474681	-1
OO42	95	470949	1
OO41	95	471364	-1
OO38	103	1936970	-1
OO37	103	1936479	1
LL81	96	886308	1
LL80	96	886729	-1
LL13	96	4537584	1
LL14	96	4542653	-1
LL56	96	4538706	-1
LL57	96	4541586	1
GG35	96	632958	-1
GG34	96	632460	1
GG37	95	1683415	-1
GG36	95	1683011	1
GG39	97	2448975	-1
GG38	97	2448485	1
HH20	96	1352744	-1
HH25	97	2848679	1
Y40	102	2748262	1
Y39	102	2748872	-1
N8	100	2659588	-1
L27	100	2659950	1
F39	93	893320	-1
J15	93	893320	-1
N17	93	893744	1
Y42	100	2659698	1
Y41	100	2660141	-1
S22	102	2749058	1
O65	102	2751296	-1
N26	102	2747637	-1
N28	102	2745899	1
N29	102	2745777	-1
N64	102	2747016	1
II99	96	4539574	-1
II98	96	4535872	1
II96	96	4524130	-1
N46	103	3140790	1
N45	103	3141322	-1
LL66	103	3139241	1
LL65	103	3139700	-1
MM78	96	4536865	1
MM79	96	4531077	1
MM77	96	4529350	-1
MM74	96	4522622	1
AA4	96	6107233	1
FF14	97	2275227	1
FF15	97	2275180	-1
FF12	97	2276217	-1
FF13	97	2274258	1
MM56	99	2822898	1
MM58	100	2087362	1
OO10	99	1185213	1
OO20	103	3017287	-1
OO22	97	763632	-1
MM52	95	824981	-1
OO12	103	1726674	-1
OO14	99	1320371	-1
OO16	93	1524705	1
MM54	96	370075	1
LL2	96	2515065	-1
KK1	96	2510955	1
MM1	96	2512042	1
K29	96	2512441	1
K30	96	2512749	-1
N76	100	1457455	-1
N77	100	1459061	1
Y24	100	1458107	-1
Y25	100	1463658	-1
EE73	96	4534012	-1
EE78	96	4531646	1
II51	96	4534523	-1
II50	96	4534064	1
II53	102	1041467	1
NN24	102	2314551	1
NN23	102	2320814	-1
JJ49	99	2014684	1
JJ50	99	2020480	-1
JJ56	99	2017148	-1
Z35	93	736102	1
Z34	93	744756	-1
JJ57	99	2015244	1
Q70	102	1035122	-1
DD19	96	4533742	-1
DD20	96	4531951	1
NN48	102	447211	1
NN47	102	452653	-1
FF4	100	1559506	1
FF5	100	1559723	-1
J6	100	1560145	1
J2	100	1560928	-1
J3	100	1560908	1
J10	93	1761737	-1
J8	93	1761009	-1
J60	100	1633173	1
J62	100	1632586	1
J64	100	1632959	1
J65	100	1632628	-1
OO32	97	2085646	-1
OO31	97	2085233	1
OO30	102	3425338	-1
OO29	102	3424842	1
LL83	96	880121	-1
LL82	96	879701	1
OO28	97	1361990	1
OO27	97	1362464	-1
OO44	100	1032899	1
OO43	100	1033369	-1
OO46	102	3326517	1
OO45	102	3327014	-1
OO48	95	746314	-1
OO47	95	745816	1
OO50	99	1432815	1
OO49	99	1433311	-1
MM76	96	4529293	-1
MM75	96	4525404	1
HH39	96	4529605	-1
HH40	96	4525572	1
II63	96	5495516	-1
II62	96	5490792	1
II57	96	5494022	-1
DD14	96	4526588	1
DD13	96	4528514	-1
NN72	96	4522789	1
LL48	96	4526917	-1
AA49	96	4522612	1
CC55	96	4524890	-1
CC56	96	4522490	1
CC53	96	4525560	-1
CC54	96	4525190	1
EE15	99	463196	1
EE16	99	463424	-1
DD15	96	4531788	-1
LL77	96	4527393	1
KK37	96	4527432	1
KK71	96	4529432	-1
KK38	96	4532450	-1
MM32	96	4529701	1
MM33	96	4530171	-1
KK39	96	4528113	1
KK73	96	4531639	1
KK74	96	4530656	-1
KK40	96	4533667	-1
MM64	96	4530846	1
MM65	96	4531102	-1
N24	102	1033758	1
N25	102	1037894	-1
P48	99	1079209	-1
P47	99	1079209	-1
II18	102	2436398	1
II17	102	2434793	-1
II37	99	2018300	1
Q77	96	6111662	1
HH18	99	1570114	1
O72	96	6110721	-1
O74	96	6109992	-1
O63	96	6112544	1
O73	96	6109113	-1
Q56	96	6110420	1
Q64	96	6110959	1
Q55	96	6114151	-1
Q63	96	6113487	-1
MM60	96	4379694	1
MM61	96	4385708	-1
Z27	93	738935	1
Z33	93	741582	-1
Z32	93	737999	1
HH37	96	4534967	-1
NN14	96	4533872	-1
NN13	96	4533879	1
NN12	96	4533918	1
NN11	96	4533827	1
NN10	96	4533721	1
NN9	96	4533620	1
II59	96	4534550	-1
II58	96	4534061	1
HH38	96	4532569	1
DD17	96	4535115	-1
DD18	96	4533888	1
OO8	93	738951	1
JJ67	93	648906	-1
JJ68	93	648596	1
HH22	103	593424	-1
HH15	95	1464306	-1
HH16	95	1463972	1
NN68	102	941386	1
OO34	102	943699	1
OO33	102	944239	-1
N80	99	1731479	-1
N70	99	1732603	-1
N71	99	1732305	1
N72	99	1729832	-1
N73	99	1728738	1
Q38	99	1732963	1
Q44	99	1733762	-1
N19	99	1731723	-1
Q5	102	867034	1
Q6	102	2647781	1
Q7	102	2647211	-1
AA6	96	4108819	-1
AA5	96	4108853	1
AA43	102	2747291	1
AA7	102	2749041	1
II30	102	1501251	1
MM13	96	6112376	-1
MM16	96	6110054	-1
MM17	96	6106116	1
MM12	96	6111989	1
MM14	96	6112642	1
MM15	96	6112642	1
Y54	96	6111730	1
Y53	96	6112112	-1
EE30	96	6114111	-1
EE31	96	6109572	1
II89	96	4540093	1
II88	96	4541189	-1
JJ73	97	573245	1
II91	96	4530177	-1
II90	96	4529651	1
II93	96	4531104	1
NN39	93	740535	1
NN46	93	738744	1
II95	96	4537487	-1
II94	96	4536568	1
HH1	102	1328044	1
HH2	102	1338633	-1
HH4	102	1337344	-1
HH45	102	1501758	-1
HH46	102	1493209	1
U48	102	1377507	1
U44	102	1375750	1
U53	102	1378842	1
U43	102	1377471	-1
U42	102	1376319	1
GG2	95	1072148	-1
GG3	95	1071936	1
GG4	100	1415045	1
GG5	100	1415265	-1
L61	102	1035627	-1
L60	102	1035277	1
HH3	102	1337013	1
FF20	100	2968932	1
N47	102	629103	1
N48	102	629723	-1
HH43	102	1477320	1
HH44	102	1481548	-1
Q43	103	881678	-1
JJ17	103	263890	1
JJ18	103	272048	-1
JJ19	103	261955	1
JJ20	103	266262	-1
AA14	96	5924972	-1
AA15	96	5924457	1
AA16	97	2685087	-1
AA17	97	2684495	1
AA9	97	2680920	1
AA11	97	2684266	1
AA10	97	2685206	-1
F1	99	1078796	-1
F5	99	1078796	-1
F42	99	1079564	1
F43	99	1080112	-1
F44	99	1078955	1
GG22	102	1034068	-1
HH75	96	1542725	-1
HH77	96	4635479	-1
HH79	103	657816	1
AA1	96	5923831	-1
AA2	96	5920181	1
Q45	103	880759	1
II15	103	268116	-1
II16	103	267559	1
J38	102	3583568	-1
J37	102	3583137	1
J40	102	2441994	-1
J39	102	2441513	1
AA80	97	2273419	1
AA81	97	2281338	-1
DD21	102	2320430	-1
DD22	102	2313516	1
FF47	102	2314902	1
MM69	102	2321346	-1
DD23	100	2274110	-1
DD24	100	2268892	1
DD25	99	1336480	1
DD26	99	1342331	-1
DD63	102	2807408	-1
DD64	102	2801437	1
II13	103	263511	1
II14	103	263831	-1
AA82	99	461417	1
AA83	99	466300	-1
HH67	100	3013660	-1
HH66	100	3009645	1
HH69	102	1481822	-1
HH68	102	1477076	1
HH71	102	2437623	-1
HH70	102	2432753	1
HH63	99	2019706	-1
HH62	99	2014360	1
HH65	99	1429693	-1
HH64	99	1422422	1
E15	102	447536	1
N59	102	451388	-1
N60	102	450790	-1
HH13	93	742586	1
HH14	93	743235	-1
Q1	103	2665905	1
Q2	102	865870	-1
Q3	102	865930	-1
KK77	100	1673643	1
KK78	100	1677361	-1
OO3	102	1108383	1
NN63	102	1112591	1
NN64	102	1113708	-1
MM25	102	1115007	-1
MM24	102	1111088	1
II1	100	2484761	1
II2	100	2485792	-1
II3	100	2486266	-1
II4	100	2486819	-1
II5	100	2487275	-1
HH81	100	2488232	-1
AA20	102	1949879	-1
AA21	102	1945984	1
N12	96	4783700	1
N11	96	4783322	1
AA18	100	1510965	-1
AA19	100	1507144	1
N66	102	1757742	1
L40	97	1267595	1
L69	96	1596081	-1
L70	96	1595522	1
J32	100	2326207	-1
J33	100	2324156	1
F41	100	2326225	1
J51	95	829993	-1
II11	102	1499380	-1
KK76	97	2444362	1
KK75	97	2442250	-1
JJ37	97	2440229	1
JJ38	97	2446427	-1
JJ39	97	2443889	1
JJ40	97	2444203	-1
F73	103	3174615	1
F74	93	892704	1
F77	96	1948370	1
F78	93	892856	-1
L62	96	4784041	-1
L71	96	4783055	1
J19	96	4783707	-1
J17	96	4783334	-1
J29	96	4783321	-1
LL54	100	2294179	-1
LL53	100	2294156	1
L13	102	2276576	-1
Q35	102	2275998	1
Q36	102	2275624	-1
Q37	102	2276004	1
L30	102	2278971	-1
L31	102	2277471	1
N78	102	2274905	1
L4	102	2274939	1
L5	102	2275606	1
L6	102	2276160	-1
L7	102	2274688	-1
N67	102	2278135	-1
N68	102	2276632	1
Q39	102	2273790	1
Q40	102	2273457	-1
L42	102	475521	-1
J71	102	474976	1
L48	102	474990	-1
L42	102	474975	-1
L28	102	474976	1
L49	102	475076	1
L38	102	475095	-1
L37	102	474971	1
FF19	99	501227	1
GG28	100	2309738	-1
GG27	100	2309348	1
GG32	96	337500	-1
GG31	96	337188	1
OO26	100	1639818	-1
OO25	100	1639307	1
NN15	97	1267737	-1
NN16	97	1267362	1
FF43	99	501535	1
FF55	100	2895923	-1
FF56	100	2891560	1
JJ59	103	2442670	1
JJ60	103	2442994	-1
JJ63	93	664357	-1
JJ64	93	663904	1
JJ61	93	652863	1
JJ62	93	653336	-1
JJ69	93	655018	1
JJ70	93	655372	-1
FF40	100	2969340	1
FF41	100	2969599	-1
EE79	96	569845	-1
EE80	96	561310	1
FF8	96	567466	-1
FF9	96	567170	1
HH24	100	2797579	1
JJ65	96	4761882	-1
JJ66	96	4761530	1
j27	97	1267458	1
j 26	97	1267332	-1
Q16	96	1591743	1
L50	96	4107655	-1
L57	96	4106296	1
L58	96	4108253	1
L59	96	4108560	-1
N31	96	4106930	1
I67	102	2261245	-1
I68	102	2260810	1
F76	102	2262088	1
F75	102	2263164	-1
I64	100	2325692	1
F63	100	2325335	1
N56	102	346397	-1
J44	102	345033	-1
J68	102	345324	-1
J67	102	346092	-1
NN17	97	1932792	-1
NN18	97	1932401	1
Q33	93	1619621	-1
KK69	103	1379018	1
LL24	103	1379006	1
LL25	103	1382995	-1
LL64	103	1381977	-1
II29	100	2310989	-1
Z26	93	739515	-1
JJ7	102	1478329	1
JJ9	102	2435781	-1
JJ1	99	2016727	1
BB63	100	1768487	-1
BB64	100	1764084	1
DD54	100	1766912	1
CC7	102	3346036	-1
CC8	102	3341419	1
NN21	103	1689162	-1
NN22	103	1688709	1
CC13	103	1690915	-1
EE35	103	1686249	1
CC14	103	1686173	1
EE34	103	1690736	-1
NN19	97	642069	-1
BB65	97	638941	1
BB66	97	643347	-1
DD56	97	640856	1
GG66	97	638817	1
GG65	97	640701	-1
NN20	97	641462	1
EE32	102	1375615	1
EE33	102	1375382	-1
U37	102	1376272	1
Y26	102	1379612	-1
Q60	102	1376632	-1
L36	99	1080015	-1
OO52	97	399622	1
OO51	97	399967	-1
GG25	100	2307445	1
GG26	100	2310967	-1
GG29	96	335856	1
GG30	96	339257	-1
OO54	99	795069	1
OO55	99	795011	-1
OO56	99	794476	1
OO59	102	1112101	1
OO60	102	1114044	-1
OO65	103	882264	-1
OO66	103	876002	1
OO69	95	190147	-1
OO71	102	3344105	1
OO72	102	3344104	-1
OO73	103	1380202	1
PP3	95	955579	-1
PP6	102	1113064	1
PP7	102	1113416	-1
PP11	102	3342903	1
PP12	102	3344045	1
PP13	95	956363	1
PP14	102	3443357	1
PP15	102	3446865	-1
PP18	96	4532915	1
PP19	96	4535759	-1
PP22	99	797141	-1
PP23	99	793437	1
PP26	100	1637006	1
PP27	100	1641604	-1
PP30	102	943093	-1
PP31	102	941478	1
PP32	102	2807716	-1
PP33	102	2801021	1
PP34	95	954970	1
PP35	97	1933307	-1
PP36	97	1268017	-1
PP37	97	1267741	-1
PP38	97	1266002	1
PP39	100	2486199	-1
PP42	96	885016	-1
PP43	96	885160	1
PP44	96	884932	-1
PP45	96	885017	1
PP46	96	884881	-1
PP47	96	884933	1
PP48	96	884799	-1
PP49	96	884882	1
PP50	96	884710	-1
PP51	96	884800	1
PP52	100	4079051	-1
PP53	100	4075193	1
PP55	102	2318388	-1
PP56	102	2318043	1
PP57	102	2805837	-1
PP59	100	1457667	1
PP60	100	1458180	-1
QQ9	95	956423	1
QQ16	100	2225154	1
QQ18	103	2439975	1
QQ19	103	2445881	-1
QQ21	99	2012815	1
QQ22	96	4764618	-1
QQ23	96	4758931	1
QQ32	96	4764990	-1
QQ34	103	2446898	-1
QQ36	103	2439926	1
QQ37	99	2018041	-1
QQ38	96	4764662	-1
QQ40	100	4077198	-1
QQ41	100	4077199	1
QQ52	96	4539395	-1
QQ53	102	3443873	1
QQ56	100	4078449	1
QQ61	102	656909	-1
QQ62	102	651474	1
QQ65	102	790873	-1
QQ66	102	786401	1
QQ70	102	450708	1
QQ72	100	1639285	-1
QQ74	102	943897	1
QQ75	102	3490430	1
QQ76	102	3494107	-1
QQ79	102	3491316	1
QQ80	102	3491664	-1
QQ81	99	2383183	1
QQ82	99	2387308	-1
QQ85	99	2385926	-1
QQ88	103	29018	-1
QQ92	103	27806	1
QQ93	100	984243	1
QQ94	100	988743	-1
QQ98	100	986594	-1
QQ99	100	203833	1
QQ100	100	209134	-1
RR3	100	206359	1
RR4	100	206737	-1
RR6	96	4382112	-1
RR9	96	2243777	1
RR10	96	2248533	-1
RR13	96	2339995	-1
RR14	96	2333680	1
RR17	97	425564	-1
RR18	97	422581	1
RR21	97	423840	-1
RR22	97	423338	1
RR23	103	3025279	-1
RR24	103	3017352	1
RR27	103	3023908	-1
RR28	103	3023547	1
RR29	102	789065	-1
RR30	102	788644	1
RR31	102	653832	-1
RR32	102	653377	1
RR33	102	451327	-1
RR34	102	450875	1
RR35	96	1982912	-1
RR36	96	1975596	1
RR37	96	1074843	-1
RR38	96	1070594	1
RR39	103	476297	1
RR40	103	480120	-1
RR41	102	653667	-1
RR42	102	653668	1
RR44	102	788587	1
RR46	99	794670	1
RR48	103	3263936	-1
RR50	103	3258712	1
RR51	94	34285	1
RR53	95	836131	1
RR55	96	5464654	-1
R57	96	4945917	1
RR59	100	3948701	-1
RR60	100	3942420	1
RR63	93	1436335	1
RR64	93	1441318	-1
RR67	93	405924	1
RR68	93	410474	-1
RR71	103	1294337	-1
RR72	103	1289017	1
RR75	96	5263316	-1
RR76	96	5258555	1
RR80	103	2296429	1
RR81	103	2300791	-1
SS3	96	4526418	-1
SS4	96	4526427	1
SS31	96	865892	-1
SS32	96	865499	1
SS33	100	3995393	1
SS34	100	3995839	-1
SS35	100	2678583	1
SS36	100	2679001	-1
SS39	102	1891903	-1
SS40	102	1885409	1
SS43	95	994774	1
SS44	95	999378	-1
SS47	96	3010707	-1
SS48	96	3004179	1
SS52	100	1639027	-1
SS54	102	1888994	1
SS56	95	997236	-1
SS57	96	3007013	-1
SS58	96	3006593	1
SS60	102	894695	-1
SS62	102	3582713	-1
SS65	103	2647412	-1
SS68	102	2442908	-1
SS70	100	1729303	1
SS72	96	5436673	1
SS74	96	5441014	-1
SS85	95	1631502	-1
SS88	96	1787115	1
SS97	95	1292980	1
SS98	95	1293329	-1
SS99	95	1289137	1
SS100	95	1294214	-1
TT1	100	2217402	-1
TT2	100	2213208	1
TT7	103	2440610	-1
TT8	103	2440224	1
TT9	93	651462	-1
TT10	93	651101	1
TT11	100	2215650	-1
TT12	100	2215336	1
TT38	102	1112606	1
TT39	102	1112605	-1
TT40	96	6258902	-1
TT41	96	6254441	1
TT44	96	1075687	-1
TT45	96	1070061	1
TT48	99	1733060	-1
TT49	99	1728142	1
TT51	97	857769	1
TT52	97	857768	-1
TT58	96	2217017	-1
TT59	96	2212846	1
TT62	97	1095000	1
TT63	97	1101042	-1
TT80	102	656162	-1
TT81	102	652186	1
UU1	102	1603019	1
UU3	103	1837719	-1
UU4	103	1837451	1
UU5	103	1634581	1
UU6	103	1635203	-1
UU7	93	1120575	1
UU8	93	1121000	-1
UU9	97	1482365	1
UU10	97	1482861	-1
UU11	97	708180	1
UU12	97	711968	-1
UU15	102	716337	1
UU16	102	720399	-1
UU19	103	49778	1
UU20	103	53913	-1
UU23	93	534084	-1
UU24	93	532549	1
UU25	93	529881	-1
UU26	93	528390	1
